TPO-01
1.3, 2.3, 3.2, 4.4, 5.4
6.1, 7.1, 8.1, 9.3, 10.2
11.4, 12.1, 13.4, 14.1:2:3
--
1.4, 2.1, 3.1, 4.4, 5.3
6.3, 7.2, 8.4, 9.1, 10.2
11.3, 12.4, 13.4, 14.2:5:6
--
1.4, 2.1, 3.2, 4.3, 5.3
6.2, 7.2, 8.1, 9.3, 10.4
11.3, 12.4, 13.2 4 6
--
--
TPO-02
1.2, 2.1, 3.3, 4.3, 5.1
6.2, 7.4, 8.4, 9.2, 10.3
11.4, 12.2, 13-14.1:2:5
--
1.2, 2.2, 3.1, 4.1, 5.4
6.3, 7.4, 8.4, 9.3, 10.1
11.3, 12.2, 13-14.1:3:4
--
1.3, 2.2, 3.3, 4.2, 5.3
6.4, 7.1, 8.4, 9.2, 10.1
11.1, 12.4, 13.3:5:6
--
--
TPO-03
1.4, 2.3, 3.4, 4.2, 5.1
6.2, 7.3, 8.4, 9.1, 10.3
11.2, 12.4, 13.1:2:6
--
1.4, 2.2, 3.1, 4.4, 5.3
6.3, 7.4, 8.1, 9.3, 10.3
11.2, 12.2, 13.3, 14.1:2:6
--
1.3, 2.3, 3.1, 4.2, 5.3
6.2, 7.3, 8.2, 9.1, 10.3
11.4, 12.4, 13.2, 14.2:3:5
--
--
TPO-04
1.4, 2.3, 3.3, 4.4, 5.1
6.3, 7.1, 8.1, 9.2, 10.2
11.2, 12.4, 13.2, 14.2:3:5
--
1.1, 2.2, 3.1, 4.4, 5.4
6.3, 7.4, 8.2, 9.3, 10.1
11.3, 12.2, 13.3, 14.1:5:6
--
1.2, 2.4, 3.1, 4.3, 5.1
6.4, 7.1, 8.2, 9.2, 10.4
11.3, 12.1, 13.4, 14.1:2:3
--
--
TPO-05
1.2, 2.2, 3.2, 4.2, 5.3
6.1, 7.4, 8.4, 9.1, 10.3
11.4, 12.2, 13.1, 14.1:2:3
--
1.4, 2.1, 3.1, 4.2, 5.3
6.2, 7.1, 8.4, 9.4, 10.3
11.2, 12.3, 13.4, 14.1:2:3
--
1.2, 2.3, 3.1, 4.2, 5.1
6.2, 7.3, 8.3, 9.2, 10.4
11.3, 12.2, 13.2, 14.1:2:6
--
TPO-06
1.4, 2.2, 3.1, 4.3, 5.2
6.1, 7.1, 8.3, 9.4, 10.3
11.2, 12.3, 13.2:4:6
--
1.3, 2.3, 3.2, 4.3, 5.1
6.2, 7.4, 8.1, 9.4, 10.4
11.2 3, 12.2, 13.3, 14.2:3:6
--
1.3, 2.2, 3.3, 4.4, 5.2
6.4, 7.1, 8.4, 9.1, 10.2
11.1, 12.3, 13.4, 14.2:4:6
--
--
TPO-07
1.3, 2.2, 3.1, 4.1, 5.2:4
6.1, 7.1, 8.2, 9.4, 10.2
11.3, 12.3, 13.1:4:5
--
1.3, 2.3, 3.2, 4.1, 5.1
6.4, 7.3, 8.2, 9.4, 10.3
11.2, 12.1, 13.2, 14.1:4:5 
--
1.3, 2.2, 3.4, 4.4, 5.1
6.2, 7.2, 8.3, 9.1, 10.2
11.3, 12.2, 13.2, 14.3:5:6
--
--
TPO-08
1.3, 2.2, 3.1, 4.4, 5.3
6.3, 7.4, 8.3, 9.1, 10.4
11.1 4, 12.3, 13.4, 14.1:4:5
--
1.4, 2.3, 3.2, 4.1, 5.1
6.4, 7.1, 8.1, 9.2, 10.4
11.2, 12.3, 13.3, 14.1:3:5 
--
1.4, 2.2, 3.1, 4.2, 5.1
6.3, 7.3, 8.2, 9.2, 10.2
11.1, 12.1, 13.1:2:5
--
--
TPO-09
1.2, 2.3, 3.4, 4.1, 5.1
6.3, 7.1, 8.4, 9.3, 10.2
11.2, 12.4, 13.4, 14.2:3:5
--
1.1, 2.2, 3.3, 4.4, 5.2 
6.1, 7.3, 8.1, 9.2, 10.2
11.3, 12.3, 13.2:4:5
--
1.4, 2.1, 3.3, 4.2, 5.1
6.1, 7.4, 8.2 3, 9.4, 10.2 
11.2, 12.3, 13.2, 14.2:3:6 
--
TPO-10
1.2, 2.4, 3.3, 4.2, 5.1
6.4, 7.3, 8.1, 9.2, 10.1
11.2, 12.2, 13.2, 14.1:3:5
--
1.2, 2.3, 3.4, 4.2, 5.1
6.3, 7.3, 8.2, 9.1, 10.2
11.2, 12.2, 13.4, 14.1:3:5
--
1.2, 2.3, 3.4, 4.1, 5.1
6.2, 7.2, 8.3, 9.3, 10.3
11.1, 12.2, 13.3, 14.1:3:6, 
--
--
TPO-11
1.2, 2.4, 3.3, 4.2, 5.3
6.2, 7.1, 8.1, 9.3, 10.4
11.4, 12.2, 13.4, 14.2:3:5
--
1.3, 2.3, 3.4, 4.1, 5.2
6.3, 7.2, 8.1, 9.1, 10.3
11.1, 12.2, 13.1, 14.1:3:6
--
1.3, 2.1, 3.2, 4.2, 5.3
6.4, 7.2, 8.2, 9.3, 10.1
11.3, 12.4, 13.2, 14.1:2:3
--
--
TPO-12
1.3, 2.2, 3.3, 4.3, 5.2
6.2, 7.3, 8.4, 9.4, 10.1
11.4, 12.4, 13.2, 14.2:3:4
--
1.2, 2.1, 3.4, 4.3, 5.1
6.1, 7.1, 8.2, 9.1, 10.4
11.2, 12.2, 13.2, 14.1:2:3
--
1.2, 2.4, 3.4, 4.3, 5.4
6.1, 7.2, 8.2, 9.3, 10.3
11.1, 12.3, 
13.1:5;3:4:7
--
--
TPO-13
1.2, 2.4, 3.3, 4.1, 5.3
6.4, 7.2, 8.3, 9.3, 10.4
11.1, 12.2, 
13.1:6:7;4:5
--
1.1, 2.2, 3.4, 4.3, 5.2
6.3, 7.1, 8.3, 9.1, 10.1
11.1, 12.2, 13.2, 14.1:2:6 
--
1.3, 2.3, 3.1, 4.3, 5.2
6.1, 7.2, 8.4, 9.4, 10.1
11.3, 12.4, 13.2, 14.1:2:6 
--
--
TPO-14
1.2, 2.1, 3.4, 4.1, 5.3
6.2, 7.1, 8.3, 9.4, 10.1
11.2, 12.4, 13.1, 14.1:2:4
--
1.4, 2.4, 3.2, 4.2, 5.3
6.2, 7.3, 8.1, 9.1, 10.3
11.1, 12.4, 13.1:3:4;5:7
--
1.2, 2.2, 3.4, 4.1, 5.4
6.4, 7.2, 8.1, 9.2, 10.3
11.4, 12.1, 13.1:3:4
--
--
TPO-15
1.2, 2.2, 3.1, 4.3, 5.4
6.2, 7.2, 8.1, 9.2, 10.3
11.3, 12.4, 13.1, 14.2:4:5
--
1.3, 2.1, 3.4, 4.3, 5.4
6.1, 7.2, 8.3, 9.2, 10.1
11.4, 12.2, 13.4, 14.1:2:4
--
1.2, 2.1, 3.4, 4.3, 5.4
6.2, 7.4, 8.2, 9.3, 10.1
11.2, 12.1, 13.3, 14.1:2:4
--
TPO-16
1.3, 2.2, 3.4, 4.3, 5.2
6.4, 7.3, 8.2, 9.1, 10.4
11.1, 12.2, 
13.1, 14.5:3:6
--
1.4, 2.3, 3.1, 4.2, 5.1
6.4, 7.3, 8.3, 9.2, 10.3
11.4, 12.1
13.3, 14.4:5:6
--
1.4, 2.4, 3.2, 4.2, 5.2
6.3, 7.2, 8.2, 9.3, 10.1
11.1,
12.4, 13.1:4;3:6:7
--
--
TPO-17
1.3, 2.4, 3.2, 4.1, 5.2
6.2, 7.1, 8.4, 9.3, 10.2
11.4, 12.2, 13.2
14.2:4:5
--
1.2, 2.1, 3.3, 4.1, 5.3
6.4, 7.4, 8.2, 9.3, 10.4
11.1, 12.2, 13.2
14.2:3:6
--
1.3, 2.2, 3.2, 4.4, 5.1
6.3, 7.3, 8.4, 9.1, 10.3
11.2, 12.1, 13.1
14.1:5:3
--
--
TPO-18
1.2, 2.4, 3.4, 4.4, 5.1
6.1, 7.2, 8.3, 9.2, 10.2
11.1, 12.3, 13.3
14.4:5:3
--
1.2, 2.1, 3.1, 4.3, 5.4
6.2, 7.3, 8.4, 9.3, 10.4
11.1, 12.3, 13.3
14.4:2:6
--
Lightning
1.2, 2.3, 3.1, 4.2, 5.4
6.4, 7.1, 8.3, 9.2, 10.3
11.3, 12.1, 13.3
14.4:2:6
--
TPO-19
1.1, 2.3, 3.2, 4.4, 5.2
6.2, 7.1, 8.4, 9.3, 10.4
11.4, 12.3
13.4
14.1:4:6
--
Succession, Climax, and Ecosystems
1.3, 2.1, 3.4, 4.2, 5.3 
6.1, 7.1, 8.4, 9.3, 10.2
11.4, 12.4, 13.3
14.4:5:6
--
Discovering the ice ages
1.4, 2.2, 3.2, 4.1, 5.2
6.2, 7.1, 8.3, 9.4, 10.2, 
11.1, 12.2
13.4
14.1:4:3
--
## TODO
## Evidence of a ..
## Nineteenth-century geologists
## Isotopic analysis of..
--
TPO-20
1.4, 2.3, 3.1, 4.4, 5.2 
6.2, 7.1, 8.4, 9.1, 10.2 
11.2, 12.3, 13.3, 14.1:3:5
--
1.3, 2.2, 3.4, 4.2, 5.1 
6.4, 7.4, 8.3, 9.4, 10.2 
11.3, 12.1, 13.3, 14.2:5:6
--
1.3, 2.1, 3.1, 4.4, 5.3 
6.4, 7.2, 8.3, 9.2, 10.3 
11.4, 12.2, 13.1, 14.1:3:6
--
TPO-21
1.3, 2.1, 3.3, 4.2, 5.4 
6.3, 7.4, 8.1, 9.3, 10.1
11.3, 12.1, 13.2, 14.1:4:6
--
1.1, 2.2, 3.4, 4.1, 5.3 
6.4, 7.3, 8.2, 9.2, 10.3 
11.3, 12.2, 13.1, 14.2:3:4
--
1.3, 2.4, 3.2, 4.1, 5.2 
6.1, 7.3, 8.3, 9.4, 10.4 
11.2, 12.1, 13.1, 14.1:4:6
--
--
TPO-22
1.1, 2.3, 3.4, 4.2, 5.4
6.2, 7.1, 8.1, 9.2, 10.3
11.3, 12.4, 13.3
14.1:5:6
--
1.3, 2.3, 3.1, 4.2, 5.3
6.2, 7.4, 8.2, 9.2, 10.2
11.4, 12.1, 13.1, 
14.2:3:6 
--
1.4, 2.3, 3.2, 4.4, 5.2
6.2, 7.4, 8.1, 9.1, 10.2
11.3, 12.1, 13.4
14.2:5:6
--
--
TPO-23
1.3, 2.2, 3.2, 4.3, 5.4
6.1, 7.4, 8.3, 9.4, 10.4
11.1, 12.4, 13.3
14.2:3:4 
--
1.3, 2.2, 3.1, 4.4, 5.4
6.2, 7.1 3, 8.1, 9.2, 10.3
11.1, 12.2, 13.4
14.4:5:6 
--
1.2, 2.4, 3.2, 4.3, 5.4
6.2, 7.3, 8.1, 9.1, 10.1
11.4, 12.3, 13.1
14.2:5:3
--
--
TPO-24
1.4, 2.2, 3.3, 4.4, 5.1
6.2, 7.3, 8.3, 9.1, 10.2
11.3, 12.4, 13.4
14.1:2:5
--
1.2, 2.1, 3.4, 4.2, 5.3
6.3, 7.2, 8.4, 9.1, 10.4
11.1, 12.3
13-14.1:7;2:4:6
--
1.2, 2.1, 3.3, 4.4, 5.1
6.2, 7.1, 8.2, 9.4, 10.4
11.3, 12.2, 13.2
14.4:5:6
